3.2149982897 0.0000000000 0.0000000000 -20.0000000000
3.2188245703 0.0000000000 0.0000000000 -20.0000000000
3.2256927721 0.0000000000 0.0000000000 -20.0000000000
3.2324362899 0.0000000000 0.0000000000 -20.0000000000
3.2387107256 0.0000000000 0.0000000000 -20.0000000000
3.2434567046 0.0000000000 0.0000000000 -20.0000000000
3.2482837475 0.0000000000 0.0000000000 -20.0000000000
3.2528525831 0.0000000000 0.0000000000 -20.0000000000
3.2586763290 0.0000000000 0.0000000000 -20.0000000000
3.2661534476 0.0000000000 0.0000000000 -20.0000000000
3.2706829631 0.0000000000 0.0000000000 -20.0000000000
3.2772847972 0.0000000000 0.0000000000 -20.0000000000
3.2827664174 0.0000000000 0.0000000000 -20.0000000000
3.2893909103 0.0000000000 0.0000000000 -20.0000000000
3.2936605975 0.0000000000 0.0000000000 -20.0000000000
3.2977314754 0.0000000000 0.0000000000 -20.0000000000
3.3018404029 0.0000000000 0.0000000000 -20.0000000000
3.3192269316 0.0000000000 0.0000000000 -20.0000000000
3.3780184168 0.0000000000 0.0000000000 -20.0000000000
3.4150648147 0.0000000000 0.0000000000 -20.0000000000
3.4188209858 0.0000000000 0.0000000000 -20.0000000000
3.4300410045 0.0000000000 0.0000000000 -20.0000000000
3.4354281957 0.0000000000 0.0000000000 -20.0000000000
3.4509589270 0.0000000000 0.0000000000 -20.0000000000
3.4656831499 0.0000000000 0.0000000000 -20.0000000000
3.4716326940 0.0000000000 0.0000000000 -20.0000000000
3.4790052906 0.0000000000 0.0000000000 -20.0000000000
3.4847485550 0.0000000000 0.0000000000 -20.0000000000
3.4911948175 0.0000000000 0.0000000000 -20.0000000000
3.5555189960 0.0000000000 0.0000000000 -20.0000000000
3.6206790363 0.0000000000 0.0000000000 -20.0000000000
3.6289975369 0.0000000000 0.0000000000 -20.0000000000
3.6388461562 0.0000000000 0.0000000000 -20.0000000000
